season,nba_3PA,nba_3P%,nba_FGA,nba_3PA_ratio,eur_3PA,eur_3P%,eur_FGA,eur_3PA_ratio
2014-2015,22.41,34.91,83.56,26.82,22.01,35.38,61.77,35.63
2015-2016,24.08,35.28,84.57,28.47,22.65,35.87,60.85,37.22
2016-2017,27.0,35.72,85.42,31.61,22.61,37.19,61.57,36.72
2017-2018,29.0,36.17,86.06,33.7,22.81,37.56,61.35,37.18
2018-2019,32.01,35.55,89.21,35.88,23.13,36.85,61.46,37.63
2019-2020,34.1,35.78,88.8,38.4,24.75,37.24,61.71,40.11
2020-2021,34.64,36.6,88.42,39.18,23.86,37.91,60.19,39.64
2021-2022,35.18,35.36,88.09,39.94,24.18,35.57,60.56,39.93
2022-2023,34.21,36.01,88.32,38.73,25.13,36.11,60.9,41.26
2023-2024,35.11,36.57,88.9,39.49,25.33,36.37,62.42,40.58
2024-2025,37.58,36.0,89.24,42.11,25.99,36.14,62.97,41.27
