season,nba_3PA,nba_3P%,nba_FG%,nba_3PA_ratio,eur_3PA,eur_3P%,eur_FG%,eur_3PA_ratio
2014-2015,22.41,34.91,44.9,26.82,22.01,35.38,45.58,35.63
2015-2016,24.08,35.28,45.22,28.48,22.65,35.87,46.05,37.22
2016-2017,27.0,35.72,45.72,31.61,22.61,37.19,46.36,36.72
2017-2018,29.0,36.17,46.03,33.69,22.81,37.56,47.02,37.18
2018-2019,32.01,35.55,46.05,35.88,23.13,36.85,47.3,37.63
2019-2020,34.1,35.78,45.99,38.4,24.75,37.24,46.67,40.11
2020-2021,34.64,36.6,46.61,39.17,23.86,37.91,47.28,39.64
2021-2022,35.18,35.36,46.12,39.94,24.18,35.57,46.26,39.93
2022-2023,34.21,36.01,47.55,38.73,25.13,36.11,46.92,41.26
2023-2024,35.11,36.57,47.43,39.49,25.33,36.37,47.19,40.57
2024-2025,37.58,36.0,46.72,42.11,25.98,36.13,47.61,41.26
